# oST version 5.0 parameters


[image]

width
320

height
240

[narrow_stereo/left]

camera matrix
211.562283 0.000000 182.558835
0.000000 212.052400 133.569243
0.000000 0.000000 1.000000

distortion
-0.412202 0.191384 0.001407 -0.002489 0.000000

rectification
0.997601 -0.005936 0.068972
0.004784 0.999847 0.016854
-0.069062 -0.016484 0.997476

projection
195.496198 0.000000 152.194966 0.000000
0.000000 195.496198 125.736886 0.000000
0.000000 0.000000 1.000000 0.000000

# oST version 5.0 parameters


[image]

width
320

height
240

[narrow_stereo/right]

camera matrix
210.421263 0.000000 173.755031
0.000000 210.945734 121.293367
0.000000 0.000000 1.000000

distortion
-0.392541 0.147957 -0.001228 0.001952 0.000000

rectification
0.996164 -0.003118 0.087445
0.004578 0.999853 -0.016494
-0.087381 0.016831 0.996033

projection
195.496198 0.000000 152.194966 -11.386272
0.000000 195.496198 125.736886 0.000000
0.000000 0.000000 1.000000 0.000000

