image_width: 320
image_height: 240
camera_name: narrow_stereo/right
camera_matrix:
  rows: 3
  cols: 3
  data: [210.421263, 0.000000, 173.755031, 0.000000, 210.945734, 121.293367, 0.000000, 0.000000, 1.000000]
distortion_model: plumb_bob
distortion_coefficients:
  rows: 1
  cols: 5
  data: [-0.392541, 0.147957, -0.001228, 0.001952, 0.000000]
rectification_matrix:
  rows: 3
  cols: 3
  data: [0.996164, -0.003118, 0.087445, 0.004578, 0.999853, -0.016494, -0.087381, 0.016831, 0.996033]
projection_matrix:
  rows: 3
  cols: 4
  data: [195.496198, 0.000000, 152.194966, -11.386272, 0.000000, 195.496198, 125.736886, 0.000000, 0.000000, 0.000000, 1.000000, 0.000000]
